[34]
[96, 49]
[97, 95, 23, 114]
[53, 73, 129, 94, 24, 22, 48, 101]
[35, 52, 37, 130, 76, 128, 128, 45, 32, 130, 141, 50, 64, 131, 47, 23]
[111, 113, 23, 9, 26, 129, 24, 38, 7, 40, 40, 42, 42, 127, 126, 126, 25, 98, 74, 32, 74, 50, 4, 131, 31, 21, 66, 30, 48, 22, 48, 29]
[23, 73, 24, 129, 139, 73, 98, 131, 134, 129, 25, 26, 7, 111, 39, 25, 39, 56, 41, 25, 5, 26, 127, 73, 44, 129, 76, 44, 125, 46, 44, 125, 67, 110, 135, 135, 32, 136, 62, 75, 114, 9, 32, 31, 124, 131, 74, 66, 131, 131, 124, 2, 75, 64, 72, 47, 111, 111, 99, 29, 138, 138, 67, 130]
[77, 107, 24, 136, 13, 130, 140, 26, 114, 61, 10, 6, 93, 61, 121, 5, 57, 27, 110, 56, 113, 106, 56, 140, 55, 38, 54, 8, 95, 25, 64, 55, 41, 130, 40, 25, 94, 85, 130, 130, 41, 41, 57, 76, 7, 94, 59, 41, 46, 43, 8, 8, 7, 44, 8, 76, 46, 127, 28, 127, 46, 127, 46, 127, 33, 62, 72, 135, 138, 30, 140, 25, 123, 0, 52, 123, 0, 33, 67, 120, 66, 32, 98, 101, 93, 107, 111, 75, 33, 121, 124, 74, 83, 69, 91, 2, 21, 62, 66, 89, 83, 2, 83, 124, 0, 31, 62, 31, 141, 0, 72, 141, 139, 123, 65, 22, 120, 89, 82, 91, 67, 24, 29, 113, 107, 30, 82, 99]
[107, 36, 77, 24, 130, 36, 114, 77, 106, 2, 64, 3, 25, 69, 87, 122, 111, 11, 130, 141, 68, 5, 77, 68, 5, 88, 111, 114, 91, 98, 101, 93, 61, 3, 118, 128, 25, 135, 38, 138, 135, 135, 64, 4, 134, 1, 55, 2, 39, 8, 40, 136, 8, 8, 37, 7, 129, 94, 6, 8, 135, 6, 64, 6, 94, 40, 40, 8, 42, 39, 105, 38, 43, 125, 56, 42, 41, 8, 8, 8, 8, 26, 43, 138, 138, 6, 6, 42, 94, 43, 7, 125, 41, 40, 4, 27, 73, 45, 45, 129, 26, 43, 43, 7, 45, 27, 45, 27, 46, 28, 28, 45, 128, 128, 76, 46, 125, 125, 125, 125, 125, 125, 102, 46, 128, 128, 68, 128, 73, 119, 53, 73, 1, 1, 140, 74, 50, 50, 31, 12, 113, 122, 75, 122, 88, 1, 10, 75, 35, 66, 11, 78, 33, 33, 74, 98, 140, 70, 11, 11, 2, 91, 93, 79, 66, 111, 91, 51, 33, 136, 136, 72, 79, 79, 107, 0, 121, 61, 61, 33, 33, 121, 64, 81, 32, 89, 99, 89, 1, 1, 32, 121, 66, 32, 89, 1, 108, 21, 70, 70, 32, 32, 79, 32, 79, 3, 32, 32, 70, 21, 29, 70, 1, 31, 32, 32, 75, 75, 70, 70, 75, 121, 75, 63, 91, 22, 136, 65, 91, 91, 89, 123, 29, 29, 30, 30, 30, 30, 30, 30, 63, 10, 135, 11, 10, 10, 47, 122, 63, 120, 107, 9, 120, 9, 89, 30]
[6, 6, 7, 107, 6, 36, 95, 114, 141, 4, 120, 4, 6, 11, 139, 37, 72, 2, 123, 61, 12, 114, 123, 2, 54, 110, 119, 138, 78, 74, 78, 78, 73, 35, 35, 136, 78, 74, 68, 12, 35, 114, 68, 4, 68, 37, 107, 71, 35, 4, 91, 4, 4, 141, 10, 23, 71, 98, 93, 37, 124, 98, 101, 98, 128, 39, 138, 38, 40, 77, 57, 77, 55, 130, 123, 113, 140, 138, 105, 61, 110, 77, 55, 138, 13, 130, 54, 61, 1, 83, 92, 74, 2, 25, 15, 72, 95, 8, 106, 38, 94, 39, 139, 139, 37, 114, 37, 7, 39, 38, 114, 114, 76, 41, 44, 45, 56, 5, 76, 7, 5, 39, 95, 110, 66, 6, 7, 106, 43, 29, 25, 8, 94, 37, 40, 25, 94, 128, 26, 25, 39, 40, 8, 37, 45, 8, 45, 74, 26, 25, 94, 8, 94, 8, 105, 7, 56, 39, 56, 39, 94, 42, 6, 114, 94, 8, 76, 58, 6, 134, 76, 138, 7, 57, 94, 39, 44, 125, 94, 59, 125, 28, 46, 130, 109, 27, 137, 61, 27, 76, 58, 5, 29, 125, 125, 126, 125, 84, 84, 84, 43, 104, 125, 40, 44, 41, 43, 43, 32, 129, 43, 8, 125, 84, 43, 129, 125, 125, 126, 102, 6, 6, 125, 27, 76, 127, 76, 129, 29, 68, 128, 128, 127, 127, 128, 127, 76, 76, 128, 28, 76, 76, 128, 76, 128, 46, 76, 125, 76, 127, 76, 129, 29, 76, 68, 46, 74, 94, 62, 14, 74, 122, 74, 94, 12, 12, 74, 74, 113, 13, 62, 73, 75, 79, 31, 122, 33, 75, 50, 88, 0, 110, 67, 33, 70, 33, 33, 106, 10, 52, 98, 88, 120, 51, 31, 120, 96, 61, 3, 111, 2, 52, 120, 36, 36, 88, 73, 88, 12, 73, 120, 52, 113, 31, 50, 98, 98, 0, 98, 70, 33, 50, 69, 69, 9, 51, 91, 50, 51, 3, 61, 107, 4, 61, 98, 3, 35, 139, 33, 33, 1, 62, 10, 123, 101, 32, 72, 32, 70, 32, 32, 123, 78, 98, 131, 71, 33, 91, 131, 131, 98, 61, 61, 33, 33, 69, 69, 33, 33, 64, 32, 69, 89, 81, 124, 99, 121, 114, 79, 79, 33, 33, 32, 91, 121, 108, 29, 99, 1, 32, 121, 32, 1, 70, 32, 1, 32, 99, 32, 91, 29, 79, 94, 79, 108, 32, 94, 99, 124, 32, 32, 69, 29, 79, 29, 99, 108, 31, 108, 108, 30, 30, 21, 21, 31, 31, 29, 124, 29, 33, 29, 33, 31, 29, 31, 29, 121, 31, 141, 31, 31, 29, 75, 75, 31, 29, 75, 75, 70, 31, 75, 91, 75, 75, 75, 75, 89, 30, 30, 30, 99, 63, 30, 89, 30, 89, 30, 30, 29, 75, 29, 29, 75, 75, 75, 75, 75, 75, 75, 75, 140, 30, 75, 120, 110, 30, 30, 122, 30, 30, 30, 93, 29, 29, 29, 10, 9, 30, 63, 30, 65, 65, 48, 48, 9, 30, 30, 89, 9, 30, 125, 75]
